4,3
281.471527,94314.515625,6854.056152
99171.906250,42458.050781,3903.829590
37548.781250,91433.617188,117851.406250
120054.351562,91077.109375,51418.703125

3,4
75208.546875,49003.968750,32432.261719,75298.945312
92586.281250,78080.953125,80397.015625,98026.023438
122417.109375,91964.218750,22770.181641,58564.496094

8,6
32250.908203,371.901672,25109.585938,43154.378906,74593.296875,25391.058594
14012.193359,81447.343750,1106.263672,56470.242188,85351.179688,38655.042969
24447.162109,79745.890625,35252.691406,115524.273438,7707.897461,110461.242188
41071.542969,40140.160156,62303.484375,10201.125000,118221.109375,19243.806641
108227.148438,117181.523438,111208.023438,7540.630371,52289.312500,24452.267578
44598.894531,84540.226562,24824.167969,69708.476562,4237.902832,99417.468750
95099.539062,18250.097656,57408.113281,96205.796875,74720.335938,19302.593750
11404.144531,99167.500000,99048.484375,46656.835938,91235.078125,106756.382812

6,8
33661.382812,8849.920898,23439.839844,95964.867188,19051.046875,18204.251953,115208.671875,3821.495605
11929.068359,102959.992188,11362.125977,64218.378906,3955.563721,55961.019531,25301.906250,28779.732422
2212.799316,29539.808594,4740.496094,97312.335938,47789.906250,62148.605469,70061.437500,122510.242188
81451.203125,81465.585938,98221.046875,57042.988281,4665.718262,65999.421875,40342.671875,38327.097656
74849.335938,63782.507812,10835.264648,93900.390625,81986.765625,2587.237549,97721.882812,93915.828125
105547.234375,109084.007812,34677.511719,109502.796875,41588.332031,59979.417969,14825.831055,43801.128906

8,4
17656.765625,13852.433594,81714.937500,87718.203125
12905.978516,39709.437500,45727.082031,111127.023438
96752.429688,50392.800781,53669.742188,13638.396484
88719.898438,5062.385254,77420.906250,99555.164062
98962.773438,35950.972656,102142.406250,73227.960938
6410.100586,84232.937500,58855.269531,41087.613281
70279.031250,100443.601562,101067.031250,85104.859375
20788.025391,67129.554688,104671.187500,38444.792969

4,8
80981.992188,62929.425781,2706.293457,93887.968750,102638.867188,48433.378906,81558.296875,75934.593750
98826.179688,11771.335938,89572.992188,64089.375000,16833.720703,43537.199219,40187.843750,115796.492188
79488.164062,18873.544922,65567.757812,85898.265625,103106.484375,966.320251,3529.180176,49928.812500
101409.914062,104596.210938,11576.978516,122197.945312,48269.070312,116248.171875,37186.039062,5794.362305

12,12
99682.328125,34903.066406,88325.703125,57783.921875,110837.664062,63695.183594,69555.257812,76953.945312,4327.863281,86388.984375,120491.148438,44515.707031
78728.773438,76522.617188,63389.250000,20839.828125,38964.183594,43039.027344,21806.148438,42493.363281,92967.843750,123216.070312,23632.875000,104544.820312
121957.312500,71901.945312,97336.296875,35686.648438,77696.304688,29600.494141,75578.976562,53921.937500,64503.562500,40447.984375,111705.867188,51884.519531
104143.171875,57804.429688,5381.772461,108471.031250,20736.707031,2416.220947,29530.039062,99465.484375,78938.843750,92919.289062,120305.320312,117903.023438
12501.618164,18654.763672,36939.683594,105469.468750,18414.128906,60572.558594,86557.585938,16914.740234,9017.804688,60437.183594,52601.386719,86714.109375
90037.671875,4723.665527,17179.353516,31084.535156,45171.648438,5428.519043,82969.062500,25858.117188,63232.945312,88350.835938,10872.448242,83969.656250
90767.046875,40402.484375,59978.441406,46249.187500,9865.074219,56827.050781,40695.507812,22366.693359,75481.820312,77635.195312,4379.454590,93895.945312
14751.049805,90937.039062,110810.687500,23768.853516,27917.521484,39955.375000,110482.960938,117955.195312,44679.039062,4205.620117,25583.035156,89850.687500
9634.138672,108552.093750,115708.804688,72867.078125,73446.226562,3124.555908,33380.039062,40756.574219,43527.042969,93358.484375,87005.765625,53392.117188
26728.830078,4244.568359,75758.812500,102210.648438,81879.757812,80138.257812,72649.890625,96630.812500,47618.605469,60003.875000,120399.664062,75536.125000
99959.250000,107425.929688,70034.625000,21181.591797,111631.554688,95617.656250,111032.281250,121265.695312,80713.046875,103284.390625,70676.078125,30702.570312
106408.945312,104056.117188,71459.148438,26479.287109,73957.890625,35008.207031,79871.398438,100686.718750,39252.773438,32173.511719,79440.664062,121132.531250

12,12
112311.773438,28633.857422,94306.640625,36473.679688,88637.734375,91249.609375,112009.804688,65140.285156,75218.835938,58587.730469,86321.875000,63393.687500
30748.687500,73897.460938,61202.679688,111461.734375,53725.148438,8422.055664,18707.609375,36677.394531,112478.171875,90166.750000,63156.683594,62979.363281
1718.258789,19571.384766,40209.386719,40971.031250,51744.894531,119650.054688,38646.867188,40599.972656,24827.210938,9496.809570,77073.648438,113464.945312
100746.421875,65626.757812,55148.531250,52508.554688,757.787842,18013.708984,115902.242188,31506.476562,91911.171875,53648.226562,19511.513672,22179.615234
62070.281250,38219.121094,58857.007812,51091.753906,4929.175781,122013.687500,114071.117188,6647.434570,18128.371094,30823.802734,47618.464844,69873.265625
27017.154297,86265.335938,110473.234375,51844.367188,95762.140625,64090.187500,41852.609375,73051.859375,6260.246582,97001.140625,2103.715088,7018.034180
115014.851562,118005.960938,38524.511719,83469.320312,48197.488281,58036.023438,105648.937500,110267.765625,96255.148438,41049.242188,37902.824219,101184.320312
39606.230469,28517.238281,107831.757812,57734.601562,59341.039062,31993.523438,4151.168457,86358.195312,118258.851562,114624.406250,14745.859375,90564.296875
55257.894531,56598.468750,40159.457031,61518.140625,30142.912109,42263.171875,68536.171875,21701.062500,36812.433594,107060.687500,105170.375000,85009.921875
41640.011719,87362.609375,71820.992188,14438.456055,4955.156250,109723.812500,115622.781250,44561.386719,14784.350586,99997.835938,102295.984375,74125.382812
8534.658203,106447.156250,37026.882812,3336.815430,97614.859375,51772.742188,93901.117188,29416.058594,108371.210938,10603.874023,90934.203125,15057.422852
52867.046875,36013.675781,36758.484375,89679.476562,19617.662109,18472.164062,51232.703125,61257.671875,105834.773438,123053.695312,75696.132812,110789.937500

4,3
31894.621094,648.455872,44403.339844
10733.908203,74773.843750,52938.000000
117181.062500,111800.726562,56274.816406
91339.234375,40116.769531,26719.230469

3,4
120755.289062,25031.279297,37323.105469,88232.789062
40088.703125,90190.148438,789.765320,76847.187500
56412.937500,20407.429688,95319.343750,107645.640625

6,10
107242.632812,33904.531250,65030.660156,93106.734375,101766.742188,96925.281250,93755.195312,22713.380859,107659.195312,45072.339844
75651.382812,101383.554688,33416.367188,8469.496094,69266.085938,73533.140625,35188.726562,66564.671875,98564.414062,72511.828125
31340.761719,15196.418945,39245.285156,32130.525391,92043.601562,95658.226562,52537.953125,63906.257812,79847.164062,10746.355469
18146.984375,63633.093750,44650.886719,83177.648438,33283.132812,22960.925781,56646.230469,3581.627686,45674.304688,40848.718750
48653.964844,121325.687500,18775.574219,82070.335938,6338.481445,88041.664062,32146.769531,41527.210938,31149.628906,7254.486816
114039.039062,62490.390625,22450.906250,29827.628906,94620.914062,114494.515625,2029.150757,23702.167969,54944.070312,81876.312500

11,6
34448.527344,73091.054688,22052.705078,79099.414062,32812.000000,55335.835938
102060.343750,89458.226562,58917.468750,24277.941406,6850.249512,107571.429688
22146.927734,25625.824219,66185.070312,28485.408203,113667.484375,98331.835938
70012.617188,21360.414062,105586.328125,60594.960938,83850.804688,4580.533203
90422.585938,55015.019531,119075.046875,92451.742188,78717.195312,50562.414062
50871.351562,113165.718750,196.769165,72924.062500,68808.429688,33008.769531
4803.197266,47412.062500,122467.000000,63720.667969,71690.007812,5860.549805
47835.398438,93836.937500,31486.373047,114020.468750,122322.343750,21697.158203
88895.601562,68878.257812,43057.574219,71025.234375,6016.524414,3451.677979
75605.765625,96439.109375,58466.699219,71224.117188,65434.152344,13727.189453
121786.531250,116305.507812,3436.206543,121983.296875,65772.867188,72244.632812

10,9
119656.703125,30545.666016,10840.025391,67890.007812,36406.214844,58675.425781,38270.246094,67892.593750,49239.191406
37135.890625,89589.750000,14678.097656,106014.156250,9190.621094,85703.328125,112030.679688,12642.299805,37852.394531
85013.093750,71108.992188,109076.507812,26990.546875,84836.187500,107406.328125,19839.353516,88272.398438,105932.921875
85612.218750,37060.332031,14011.592773,32731.580078,33260.332031,44557.257812,43571.605469,101150.343750,80963.476562
102247.031250,15963.885742,25399.363281,28029.521484,53099.777344,114989.117188,42707.621094,35657.230469,723.033997
4954.250000,24231.208984,13365.333984,42806.644531,109244.296875,84474.335938,28426.451172,12778.148438,45853.820312
12376.083008,32617.503906,10669.516602,118309.007812,118229.718750,47729.847656,8863.904297,27504.599609,80990.179688
53421.160156,71076.203125,58683.820312,10927.937500,49866.539062,74647.703125,36327.300781,77896.062500,4290.783203
27859.712891,120603.679688,39948.011719,28582.748047,2101.229248,64179.226562,41948.082031,44907.871094,49966.824219
2965.713135,73334.320312,62744.968750,48819.535156,85710.406250,95362.476562,59489.050781,80562.718750,90135.492188

9,10
107218.898438,89426.625000,117640.093750,64752.378906,19391.085938,65259.597656,123436.195312,30319.023438,115126.140625,74627.203125
66646.328125,69565.492188,78917.984375,94506.039062,66712.476562,118866.000000,123088.781250,68813.703125,59588.523438,41580.167969
113721.578125,109555.343750,44545.878906,63599.207031,48843.621094,93365.414062,25852.914062,20749.392578,29397.763672,106415.632812
110884.882812,13159.961914,72385.554688,105068.281250,77912.335938,91776.640625,46871.179688,77891.835938,122095.671875,38540.617188
29062.339844,65285.289062,108106.117188,107980.328125,36334.628906,51361.890625,103389.625000,35966.710938,120175.601562,39521.449219
77546.882812,110440.476562,25620.093750,122092.757812,50582.980469,74463.710938,92001.468750,76435.898438,95213.101562,121399.226562
59394.828125,82641.296875,11102.495117,8323.686523,64252.871094,89014.835938,100100.335938,111124.054688,43449.968750,98739.296875
26207.966797,72512.312500,40567.890625,10857.381836,57035.933594,76902.515625,62219.269531,36968.859375,112869.226562,58938.171875
76490.304688,66959.414062,45921.945312,102110.398438,65595.468750,96504.929688,53117.414062,34140.234375,49484.121094,24873.818359

11,3
107515.109375,43185.265625,117202.640625
48311.281250,8743.399414,93846.273438
35978.628906,52193.367188,69128.875000
62186.597656,1248.975586,109696.765625
73043.984375,58284.906250,63142.582031
11806.550781,95253.765625,52555.113281
70744.726562,48287.375000,119514.523438
116666.671875,26941.076172,61653.289062
89714.898438,80058.484375,95793.531250
15742.318359,104932.312500,4419.596191
1164.571167,88990.710938,47604.859375

3,11
118367.210938,13845.295898,56348.257812,88756.781250,49823.925781,108541.625000,34428.953125,112010.515625,109790.601562,20669.015625,61597.800781
44618.812500,83811.593750,73404.351562,16415.878906,12910.007812,20692.373047,64703.253906,8967.830078,13902.339844,91644.335938,70621.117188
103617.234375,48246.121094,42957.945312,119359.554688,29721.728516,47377.542969,120524.125000,118712.445312,94982.406250,115434.632812,9101.041016

12,11
58924.964844,12958.889648,115163.679688,47478.789062,122749.492188,12375.989258,109076.585938,43911.605469,96187.585938,59024.238281,60327.484375
109097.593750,79716.617188,1574.038574,118065.421875,93618.953125,93218.367188,65229.839844,73779.484375,18007.789062,108187.789062,69682.343750
47729.519531,32108.630859,66749.773438,42985.265625,3634.332031,58727.707031,52086.304688,31508.294922,16005.726562,111011.273438,44467.183594
7712.699219,35033.363281,43759.976562,20088.687500,20653.250000,87671.578125,116276.273438,79677.492188,24542.363281,101917.164062,35937.406250
26116.402344,96525.890625,6099.660156,119334.773438,38299.031250,79879.148438,13885.861328,23030.119141,26104.794922,61615.382812,55138.750000
92854.562500,104600.648438,58773.082031,28125.570312,33230.250000,90281.375000,44131.292969,20784.822266,11291.860352,51843.992188,55818.183594
55051.835938,71932.687500,76471.429688,19266.716797,64752.261719,32692.226562,43809.082031,43212.726562,68629.625000,69925.484375,16281.913086
74729.289062,65803.554688,54580.945312,31151.742188,79689.414062,77611.062500,57256.535156,17848.093750,9293.115234,26654.400391,122448.742188
68066.195312,54779.968750,32222.287109,34890.875000,98911.265625,53007.113281,46182.734375,27298.562500,108825.296875,101234.570312,99231.250000
61840.023438,120501.289062,40526.800781,94532.250000,40853.667969,83739.523438,39705.183594,110779.148438,100021.445312,114434.468750,53126.000000
31145.685547,22129.513672,9358.714844,108756.750000,79386.054688,27206.810547,118049.867188,106040.445312,26198.849609,62659.367188,37363.718750
58421.136719,97550.234375,12818.286133,111428.250000,20276.273438,40116.847656,96796.843750,121510.843750,15891.394531,35180.167969,118555.437500

11,12
56418.199219,6255.717773,35952.398438,16701.025391,45960.898438,23274.847656,116722.460938,36938.671875,76400.843750,24411.451172,59068.187500,85759.562500
9711.500977,14997.534180,112966.375000,4304.667480,121037.984375,15708.524414,66964.031250,34945.003906,74129.664062,41057.570312,47763.289062,62101.210938
61333.839844,87880.132812,35441.347656,59387.988281,103771.531250,70621.515625,54486.718750,36733.027344,76877.234375,90439.125000,53434.054688,122838.132812
113713.968750,46699.820312,36320.109375,66658.117188,71111.273438,95388.289062,28960.980469,80822.773438,110385.820312,18470.656250,85127.437500,107967.109375
34179.179688,28634.767578,19455.412109,108308.843750,69692.335938,67218.695312,46953.351562,7569.478516,31642.136719,82394.703125,66957.460938,11956.966797
29559.519531,121444.187500,48689.996094,106436.750000,88426.593750,102124.054688,105818.187500,78683.867188,25367.166016,18681.595703,21885.283203,96478.437500
114069.890625,50846.261719,53844.503906,100999.007812,69316.921875,15515.239258,85509.421875,103496.101562,44150.007812,104964.835938,88348.242188,113842.343750
48726.835938,11844.894531,121411.820312,80368.976562,94239.601562,64912.589844,92325.937500,342.418304,62900.074219,17559.236328,106779.171875,27869.970703
119683.289062,89140.664062,106553.835938,21593.750000,107822.257812,4982.420410,118072.179688,98435.445312,55828.683594,48459.992188,75977.757812,1688.901489
63975.230469,38030.480469,105185.000000,108125.242188,19538.615234,70076.539062,98510.882812,68265.453125,81921.437500,96466.007812,25177.722656,52704.339844
37921.894531,117503.664062,53046.757812,100821.960938,11606.199219,36369.230469,5235.236816,7832.782227,2053.190674,111789.078125,29426.533203,109875.445312

1,8
84854.195312,49143.480469,72502.007812,37375.250000,50832.378906,13020.537109,75405.726562,32560.679688

8,1
121145.781250
94944.343750
102637.226562
96199.960938
39753.097656
61101.964844
69209.265625
64930.816406
